
 00;00;00;00  
 00;00;02;00  
 00;00;04;15  
 00;00;05;20  
 00;00;15;18  
 00;00;18;22  
 00;00;24;21  
 00;00;25;25  
 00;00;26;05  
 00;00;28;02  
 00;00;28;02  
 00;00;31;02  
 00;00;31;18  
 00;00;35;02  
 00;00;35;02  
 00;00;37;23  
 00;00;37;23  
 00;00;39;22  
 00;00;39;22  
 00;00;43;12  
 00;00;43;12  
 00;00;46;05  
 00;00;46;05  
 00;00;49;02  
 00;00;49;02  
 00;00;51;08  
 00;00;51;13  
 00;00;54;05  
 00;00;54;05  
 00;00;58;07  
 00;00;58;09  
 00;01;00;15  
 00;01;00;15  
 00;01;01;17  
 00;01;01;17  
 00;01;04;11  
 00;01;04;11  
 00;01;07;23  
 00;01;10;07  
 00;01;11;22  
 00;01;12;14  
 00;01;14;13  
 00;01;14;20  
 00;01;16;19  
 00;01;24;19  
 00;01;26;17  
 00;01;26;17  
 00;01;30;03  
 00;01;30;03  
 00;01;32;03  
 00;01;33;09  
 00;01;35;07  
 00;01;36;15  
 00;01;39;18  
 00;01;41;01  
 00;01;44;02  
 00;01;44;02  
 00;01;45;21  
 00;01;45;21  
 00;01;48;06  
 00;01;49;10  
 00;01;53;07  
 00;01;53;07  
 00;01;56;03  
 00;02;02;06  
 00;02;05;06  
 00;02;04;23  
 00;02;07;00  
 00;02;07;00  
 00;02;10;01  
 00;02;10;01  
 00;02;12;10  
 00;02;12;10  
 00;02;16;03  
 00;02;16;04  
 00;02;18;05  
 00;02;18;04  
 00;02;20;02  
 00;02;43;23  
 00;02;45;23  
 00;02;56;07  
 00;02;58;06  
 00;02;59;13  
 00;03;01;11  
 00;03;29;03  
 00;03;31;03  
 00;03;33;03  
 00;03;35;23  
 00;03;35;23  
 00;03;37;21  
 00;03;41;15  
 00;03;45;24  
 00;03;45;24  
 00;03;46;21  
 00;03;46;24  
 00;03;51;07  
 00;03;50;16  
 00;03;51;09  
 00;03;52;25  
 00;03;55;24  
 00;03;55;24  
 00;03;58;15  
 00;04;05;04  
 00;04;07;24  
 00;04;07;24  
 00;04;09;22  
 00;04;12;08  
 00;04;15;18  
 00;04;16;15  
 00;04;18;15  
 00;04;18;15  
 00;04;21;00  
 00;04;21;00  
 00;04;23;13  
 00;04;23;13  
 00;04;25;20  
 00;04;27;02  
 00;04;29;02  
 00;04;38;20  
 00;04;41;07  
 00;04;41;08  
 00;04;43;18  
 00;04;43;18  
 00;04;45;23  
 00;04;45;23  
 00;04;47;13  
 00;04;47;13  
 00;04;49;12  
 00;04;49;12  
 00;04;51;09  
 00;04;51;24  
 00;04;53;14  
 00;04;53;15  
 00;04;54;21  
 00;04;54;21  
 00;04;56;19  
 00;04;59;04  
 00;05;01;01  
 00;05;01;01  
 00;05;03;05  
 00;05;06;10  
 00;05;07;13  
 00;05;09;13  
 00;05;11;18  
 00;05;12;11  
 00;05;14;04  
 00;05;14;04  
 00;05;16;10  
 00;05;18;04  
 00;05;19;13  
 00;05;19;18  
 00;05;20;13  
 00;05;20;23  
 00;05;24;15  
 00;05;27;03  
 00;05;29;01  
 00;05;30;16  
 00;05;32;18  
 00;05;32;18  
 00;05;34;17  
 00;05;37;15  
 00;05;39;12  
 00;05;39;12  
 00;05;42;23  
 00;05;46;02  
 00;05;47;01  
 00;05;49;04  
 00;05;51;13  
 00;05;51;13  
 00;05;53;23  
 00;05;53;23  
 00;05;56;18  
 00;05;57;18  
 00;05;58;20  
 00;06;02;07  
 00;06;04;07  
 00;06;04;07  
 00;06;07;06  
 00;06;07;06  
 00;06;08;06  
 00;06;10;05  
 00;06;11;05  
 00;06;13;09  
 00;06;16;02  
 00;06;24;15  
 00;06;25;19  
 00;06;26;09  
 00;06;28;12  
 00;06;28;12  
 00;06;30;06  
 00;06;30;06  
 00;06;32;15  
 00;06;33;10  
 00;06;35;14  
 00;06;36;02  
 00;06;37;24  
 00;06;37;24  
 00;06;40;04  
 00;06;40;04  
 00;06;43;04  
 00;06;43;04  
 00;06;44;03  
 00;06;44;23  
 00;06;45;19  
 00;06;45;20  
 00;06;46;25  
 00;06;46;25  
 00;06;49;25  
 00;06;49;25  
 00;06;53;16  
 00;06;53;16  
 00;06;54;16  
 00;06;54;16  
 00;06;55;11  
 00;06;55;15  
 00;06;58;06  
 00;06;58;06  
 00;07;00;05  
 00;07;03;02  
 00;07;04;07  
 00;07;04;07  
 00;07;06;14  
 00;07;19;25  
 00;07;22;08  
 00;07;22;08  
 00;07;25;09  
 00;07;25;14  
 00;07;28;08  
 00;07;28;08  
 00;07;29;02  
 00;07;30;23  
 00;07;32;09  
 00;07;38;25  
 00;07;40;12  
 00;07;59;15  
 00;08;04;20  
 00;08;06;02  
 00;08;14;16  
 00;08;39;16  
 00;08;41;15  
 00;08;41;15  
 00;08;43;22  
 00;08;43;22  
 00;08;47;16  
 00;08;47;16  
 00;08;50;07  
 00;08;56;07  
 00;08;59;07  
 00;09;00;08  
 00;09;03;19  
 00;09;07;23  
 00;09;18;09  
 00;09;25;15  
 00;09;26;12  
 00;09;27;06  
 00;09;29;19  
 00;09;31;15  
 00;09;33;10  
 00;09;33;10  
 00;09;34;13  
 00;09;35;21  
 00;09;37;02  
 00;09;38;23  
 00;09;41;10  
 00;09;42;03  
 00;09;43;10  
 00;09;43;24  
 00;09;47;10  
 00;09;47;10  
 00;09;48;04  
 00;09;50;17  
 00;09;52;23  
 00;09;52;23  
 00;09;55;00  
 00;09;55;00  
 00;09;58;03  
 00;09;58;03  
 00;10;02;06  
 00;10;04;18  
 00;10;06;02  
 00;10;06;13  
 00;10;10;06  
 00;10;10;06  
 00;10;12;22  
 00;10;13;06  
 00;10;15;01  
 00;10;15;04  
 00;10;17;23  
 00;10;17;23  
 00;10;20;16  
 00;10;21;09  
 00;10;22;06  
 00;10;23;15  
 00;10;25;14  
 00;10;25;15  
 00;10;28;20  
 00;10;29;03  
 00;10;31;16  
 00;10;31;25  
 00;10;34;03  
 00;10;34;20  
 00;10;36;05  
 00;10;36;14  
 00;10;39;16  
 00;10;39;24  
 00;10;43;19  
 00;10;44;11  
 00;10;47;01  
 00;10;51;07  
 00;10;52;14  
 00;10;52;25  
 00;10;56;02  
 00;10;56;09  
 00;10;57;17  
 00;10;58;12  
 00;10;59;16  
 00;11;00;24  
 00;11;02;24  
 00;11;03;09  
 00;11;04;10  
 00;11;06;19  
 00;11;08;01  
 00;11;10;07  
 00;11;11;04  
 00;11;27;14  
 00;11;28;13  
 00;11;28;23  
 00;11;30;16  
 00;11;30;16  
 00;11;31;15  
 00;11;31;15  
 00;11;32;14  
 00;11;32;14  
 00;11;34;03  
 00;11;34;12  
 00;11;38;20  
 00;11;39;06  
 00;11;39;22  
 00;11;40;01  
 00;11;43;06  
 00;11;45;02  
 00;11;46;07  
 00;11;47;03  
 00;11;48;17  
 00;11;50;06  
 00;11;52;06  
 00;11;53;18  
 00;11;56;21  
 00;11;57;07  
 00;11;59;05  
 00;11;59;18  
 00;12;02;19  
 00;12;08;08  
 00;12;09;25  
 00;12;10;08  
 00;12;11;03  
 00;12;13;18  
 00;12;14;15  
 00;12;15;10  
 00;12;16;18  
 00;12;16;21  
 00;12;18;13  
 00;12;18;13  
 00;12;20;05  
 00;12;20;11  
 00;12;23;07  
 00;12;23;11  
 00;12;26;02  
 00;12;26;02  
 00;12;27;21  
 00;12;29;11  
 00;12;32;02  
 00;12;32;14  
 00;12;33;19  
 00;12;36;14  
 00;12;39;01  
 00;12;39;20  
 00;12;42;07  
 00;12;42;07  
 00;12;44;16  
 00;12;44;20  
 00;12;45;13  
 00;12;45;15  
 00;12;47;05  
 00;12;47;10  
 00;12;49;05  
 00;12;49;05  
 00;12;50;25  
 00;12;50;25  
 00;12;53;01  
 00;12;53;16  
 00;12;55;01  
 00;12;54;25  
 00;12;55;12  
 00;12;55;24  
 00;12;56;16  
 00;12;57;16  
 00;12;59;07  
 00;12;59;07  
 00;13;01;25  
 00;13;01;25  
 00;13;04;06  
 00;13;05;04  
 00;13;08;08  
 00;13;08;15  
 00;13;12;05  
 00;13;12;11  
 00;13;13;16  
 00;13;13;16  
 00;13;17;17  
 00;13;17;22  
 00;13;19;23  
 00;13;21;02  
 00;13;23;23  
 00;13;24;07  
 00;13;26;03  
 00;13;26;11  
 00;13;27;02  
 00;13;29;18  
 00;13;31;24  
 00;13;31;24  
 00;13;33;19  
 00;13;33;19  
 00;13;34;23  
 00;13;35;16  
 00;13;39;23  
 00;13;40;18  
 00;13;41;25  
 00;13;41;25  
 00;13;43;23  
 00;13;43;24  
 00;13;45;22  
 00;13;45;22  
 00;13;48;14  
 00;13;52;08  
 00;13;53;11  
 00;13;53;19  
 00;13;56;21  
 00;13;57;08  
 00;13;59;23  
 00;14;00;17  
 00;14;04;08  
 00;14;04;08  
 00;14;06;07  
 00;14;06;07  
 00;14;09;07  
 00;14;10;13  
 00;14;11;05  
 00;14;11;15  
 00;14;13;21  
 00;14;13;21  
 00;14;16;03  
 00;14;17;12  
 00;14;18;09  
 00;14;18;25  
 00;14;22;23  
 00;14;24;11  
 00;14;25;10  
 00;14;30;16  
 00;14;32;03  
 00;14;32;11  
 00;14;36;10  
 00;14;36;25  
 00;14;40;10  
 00;14;40;10  
 00;14;44;00  
 00;14;44;08  
 00;14;45;06  
 00;14;45;06  
 00;14;48;05  
 00;14;48;12  
 00;14;51;14  
 00;14;53;08  
 00;14;57;08  
 00;14;57;08  
 00;14;59;12  
 00;14;59;12  
 00;15;01;11  
 00;15;08;20  
 00;15;10;04  
 00;15;10;19  
 00;15;12;18  
 00;15;12;18  
 00;15;14;21  
 00;15;15;15  
 00;15;17;04  
 00;15;17;04  
 00;15;19;12  
 00;15;19;12  
 00;15;22;07  
 00;15;22;07  
 00;15;23;04  
 00;15;23;02  
 00;15;25;13  
 00;15;25;13  
 00;15;27;24  
 00;15;27;24  
 00;15;29;24  
 00;15;30;21  
 00;15;32;20  
 00;15;32;20  
 00;15;35;03  
 00;15;35;09  
 00;15;37;20  
 00;15;37;20  
 00;15;39;20  
 00;16;08;16  
 00;16;09;25  
 00;16;09;25  
 00;16;12;09  
 00;16;12;09  
 00;16;16;03  
 00;16;16;21  
 00;16;19;05  
 00;16;21;11  
 00;16;23;11  
 00;16;23;11  
 00;16;25;03  
 00;16;25;03  
 00;16;27;23  
 00;16;27;24  
 00;16;29;22  
 00;16;30;22  
 00;16;32;01  
 00;16;32;13  
 00;16;34;07  
 00;16;34;08  
 00;16;36;24  
 00;16;36;24  
 00;16;39;10  
 00;16;39;10  
 00;16;42;17  
 00;16;42;10  
 00;16;43;21  
 00;16;44;22  
 00;16;45;13  
 00;16;46;22  
 00;16;51;01  
 00;16;52;19  
 00;16;55;15  
 00;16;55;15  
 00;16;57;11  
 00;16;57;15  
 00;16;58;19  
 00;17;00;17  
 00;17;03;02  
 00;17;03;22  
 00;17;05;19  
 00;17;06;08  
 00;17;07;20  
 00;17;11;15  
 00;17;14;24  
 00;17;14;24  
 00;17;21;16  
 00;17;26;00  
 00;17;32;06  
 00;17;32;06  
 00;17;37;20  
 00;17;40;01  
 00;17;43;20  
 00;17;43;20  
 00;17;47;14  
 00;17;47;14  
 00;17;49;15  
 00;17;49;15  
 00;17;51;13  
 00;17;51;13  
 00;17;56;04  
 00;18;00;16  
 00;18;01;18  
 00;18;04;01  
 00;18;04;20  
 00;18;05;21  
 00;18;08;01  
 00;18;08;13  
 00;18;09;20  
 00;18;10;14  
 00;18;13;03  
 00;18;13;03  
 00;18;16;24  
 00;18;16;24  
 00;18;19;20  
 00;18;20;12  
 00;18;23;10  
 00;18;23;14  
 00;18;26;25  
 00;18;26;13  
 00;18;28;01  
 00;18;28;05  
 00;18;31;08  
 00;18;31;08  
 00;18;33;04  
 00;18;33;04  
 00;18;35;01  
 00;18;35;01  
 00;18;38;09  
 00;18;38;13  
 00;18;40;14  
 00;18;40;14  
 00;18;42;12  
 00;18;42;12  
 00;18;44;15  
 00;18;44;21  
 00;18;48;16  
 00;18;48;21  
 00;18;50;21  
 00;18;50;21  
 00;18;52;19  
 00;18;52;20  
 00;18;54;01  
 00;18;55;04  
 00;18;57;09  
 00;18;57;03  
 00;18;59;21  
 00;18;59;21  
 00;19;03;02  
 00;19;04;01  
 00;19;06;01  
 00;19;06;01  
 00;19;08;06  
 00;19;08;06  
 00;19;14;05  
 00;19;14;05  
 00;19;19;03  
 00;19;21;09  
 00;19;25;03  
 00;19;23;06  
 00;19;24;19  
 00;19;27;05  
 00;19;31;18  
 00;19;32;13  
 00;19;33;11  
 00;19;33;11  
 00;19;35;08  
 00;19;37;03  
 00;19;39;20  
 00;19;42;15  
 00;19;45;16  
 00;19;45;16  
 00;19;50;07  
 00;19;50;07  
 00;19;54;15  
 00;19;54;15  
 00;19;55;11  
 00;19;56;08  
 00;20;00;12  
 00;19;58;10  
 00;19;59;13  
 00;20;01;00  
 00;20;03;24  
 00;20;03;24  
 00;20;05;02  
 00;20;08;07  
 00;20;10;10  
 00;20;10;10  
 00;20;12;19  
 00;20;38;02  
 00;20;39;00  
 00;20;39;07  
 00;20;41;19  
 00;20;42;06  
 00;20;45;02  
 00;20;45;02  
 00;20;45;25  
 00;20;47;09  
 00;20;49;22  
 00;20;50;11  
 00;20;51;03  
 00;20;51;24  
 00;20;53;05  
 00;20;53;23  
 00;20;57;01  
 00;20;57;08  
 00;20;59;15  
 00;21;00;22  
 00;21;01;20  
 00;21;03;09  
 00;21;04;20  
 00;21;06;12  
 00;21;08;07  
 00;21;09;12  
 00;21;10;19  
 00;21;11;12  
 00;21;12;12  
 00;21;13;15  
 00;21;16;08  
 00;21;16;08  
 00;21;21;01  
 00;21;21;23  
 00;21;23;02  
 00;21;23;02  
 00;21;25;08  
 00;21;25;08  
 00;21;27;19  
 00;21;27;19  
 00;21;31;14  
 00;21;32;00  